"0 Regulators" "1 Regulators" "2 Regulators" "3 Regulators" "4 Regulators" "5 Regulators" "6 Regulators" "7 Regulators" "8 Regulators" "9 Regulators" "10 Regulators" "11 Regulators" "12 Regulators" "13 Regulators" "14 Regulators" "15 Regulators" "16 Regulators" "17 Regulators" "18 Regulators" "19 Regulators" "20 Regulators"
"AKT.P.P" 0.00133333333333333 0.122222222222222 0.814444444444444 0.0573333333333333 0.00444444444444444 0.000222222222222222 0 0 0 0 0 0 0 0 0 0 0 0 0 0 0
"PIP3" 0.924222222222222 0.0741111111111111 0.00166666666666667 0 0 0 0 0 0 0 0 0 0 0 0 0 0 0 0 0 0
"dummy1" 0.985 0.0147777777777778 0.000222222222222222 0 0 0 0 0 0 0 0 0 0 0 0 0 0 0 0 0 0
"ERK.P" 0.949444444444444 0.0485555555555556 0.00188888888888889 0.000111111111111111 0 0 0 0 0 0 0 0 0 0 0 0 0 0 0 0 0
"ErbB2.P" 0.800777777777778 0.190444444444444 0.00877777777777778 0 0 0 0 0 0 0 0 0 0 0 0 0 0 0 0 0 0
"RAF.P" 0.955777777777778 0.0431111111111111 0.00111111111111111 0 0 0 0 0 0 0 0 0 0 0 0 0 0 0 0 0 0
"SHC.P" 0.000555555555555556 0.963888888888889 0.0354444444444444 0.000111111111111111 0 0 0 0 0 0 0 0 0 0 0 0 0 0 0 0 0
"MEK.P" 0.917666666666667 0.0793333333333333 0.003 0 0 0 0 0 0 0 0 0 0 0 0 0 0 0 0 0 0
"PIP2" 0.944222222222222 0.0542222222222222 0.00155555555555556 0 0 0 0 0 0 0 0 0 0 0 0 0 0 0 0 0 0
"ErbB4.P" 0.623111111111111 0.364222222222222 0.0126666666666667 0 0 0 0 0 0 0 0 0 0 0 0 0 0 0 0 0 0
"AKT.P" 0.0808888888888889 0.506888888888889 0.403444444444444 0.00855555555555556 0.000222222222222222 0 0 0 0 0 0 0 0 0 0 0 0 0 0 0 0
"ErbB1.P" 0.769444444444444 0.216 0.0143333333333333 0.000222222222222222 0 0 0 0 0 0 0 0 0 0 0 0 0 0 0 0 0
"dummy2" 0.971222222222222 0.0283333333333333 0.000444444444444444 0 0 0 0 0 0 0 0 0 0 0 0 0 0 0 0 0 0
"SOS.P" 0.196333333333333 0.542444444444444 0.204333333333333 0.052 0.00477777777777778 0.000111111111111111 0 0 0 0 0 0 0 0 0 0 0 0 0 0 0
"Gab1.P" 0.918777777777778 0.0771111111111111 0.00411111111111111 0 0 0 0 0 0 0 0 0 0 0 0 0 0 0 0 0 0
"MEK.P.P" 0.988666666666667 0.0113333333333333 0 0 0 0 0 0 0 0 0 0 0 0 0 0 0 0 0 0 0
"Ras.GTP" 0.948222222222222 0.0503333333333333 0.00144444444444444 0 0 0 0 0 0 0 0 0 0 0 0 0 0 0 0 0 0
"dummy3" 0.942888888888889 0.0554444444444444 0.00166666666666667 0 0 0 0 0 0 0 0 0 0 0 0 0 0 0 0 0 0
"ERK.P.P" 0.218666666666667 0.704444444444444 0.0747777777777778 0.00211111111111111 0 0 0 0 0 0 0 0 0 0 0 0 0 0 0 0 0
"ErbB3.P" 0 0.894333333333333 0.102777777777778 0.00277777777777778 0.000111111111111111 0 0 0 0 0 0 0 0 0 0 0 0 0 0 0 0
